N1 = 700000000
N2 = 100000000
time: 2.105365

N1 = 700000000
N2 = 100000000
time: 1.202165

yes, it's faster
