N = 500
T = 1: 7.542631
T = 2: 3.778546
T = 4: 1.927410
T = 8: 1.002928

speedup looks good